0 1 0 0 0 1 0 1 0 0 0 0 0 0 0 0 
1 0 1 0 1 0 1 0 0 0 0 0 0 0 0 0
0 1 0 1 0 0 0 0 0 0 0 1 0 1 0 0
0 0 1 0 0 0 0 0 0 0 1 0 0 0 0 0
0 1 0 0 0 0 1 0 0 0 1 0 0 0 0 0
1 0 0 0 0 0 1 1 0 0 0 0 1 0 0 0
0 1 0 0 1 1 0 0 1 0 0 0 0 0 0 1
1 0 0 0 0 1 0 0 0 1 0 0 0 0 0 0
0 0 0 0 0 0 1 0 0 0 1 0 0 0 0 0
0 0 0 0 0 0 0 1 0 0 0 0 1 0 0 1
0 0 0 1 1 0 0 0 1 0 0 0 0 0 1 0
0 0 1 0 0 0 0 0 0 0 0 0 0 1 0 0
0 0 0 0 0 1 0 0 0 1 0 0 0 0 0 0
0 0 1 0 0 0 0 0 0 0 0 1 0 0 1 0
0 0 0 0 0 0 0 0 0 0 1 0 0 1 0 1
0 0 0 0 0 0 1 0 0 1 0 0 0 0 1 0

link: https://www.youtube.com/watch?v=dQr4wZCiJJ4
link: https://stackoverflow.com/questions/5766160/enumerate-all-hamiltonian-paths
